[NotTriangle]
	[[Expected]]
	Triangle=False
	Type=0
	[[StaticData]]
	specSymbol=1,1,-
	zeroNumber=1,1,0
	negativeNumber=1,1,-1
	triangleInequalityTrouble=1,1,2
[Isosceles]
	[[Expected]]
	Triangle=True
	Type=1
	[[StaticData]]
	int=2,2,1
	float=2.1,2.1,4
	long=2147483648,2147483649,2147483649
	intfloat=1,1,0.5
	floatlong=2.0e+20,2.0e+20,2147483649
	intlong=2147483649,2147483649,2
[Equilateral]
	[[Expected]]
	Triangle=True
	Type=2
	[[StaticData]]
	int=1,1,1
	float=2.1,2.1,2.1
	long=2147483648,2147483648,2147483648
	intfloat=2,2,0.2e+1
	floatlong=0.2147483648e+10,0.2147483648e+10,2147483648
[Various]
	[[Expected]]
	Triangle=True
	Type=3
	[[StaticData]]
	int=3,4,5
	float=3.1,4.1,7
	long=2147483648,2147483649,2147483650
	intfloat=3,4,4.33
	floatlong=0.3e+1, 0.2147483648e+10, 2147483650
	intlong=2147483646,2147483647,2147483648